,job287_scenario1_532,job288_scenario1_536,job292_scenario1_543,job294_scenario2_549,
in27,0.07649740409079187,0.04175396961073852,0.012830799579593322,0.0,
B14,0.6895669306995135,0.6193660955199656,0.7211334583790212,0.7597677658790613,
B11,0.6397586454773219,0.6397586454773219,0.5846226610399123,0.6193660955199656,
cn12,0.04243965986486009,0.059767765879061296,0.019320493511268633,0.05088702119077637,
B54,0.7211334583790212,0.6895669306995135,0.6895669306995135,0.8095760511012529,
