,job868_scenario4_2056,job869_scenario2_2057,job870_scenario0_2060,job871_scenario0_2061,job872_scenario3_2064,job873_scenario1_2066,
in27,0.49166074973341933,0.3449625104630797,0.21887779956281928,0.21887779956281928,0.4032181570111876,0.4649716308648192,
B14,0.7134372329942142,0.7134372329942142,0.44922108986855924,0.5120532996907754,0.8720806608959937,0.5120532996907754,
B11,0.09108595037059408,0.2249533900613403,0.025382421625654294,0.0,0.2951542252408882,0.15475255488179251,
cn12,0.6320624200925149,0.5015569610444852,0.30145079415213205,0.3046870858144721,0.7520715404942543,0.4649716308648192,
B54,0.8018798257164459,0.8720806608959937,0.6551815864461064,0.5769264356551054,0.8720806608959937,0.8018798257164459,
