RecordTimeStamp,CurrentSystemTick,JobsId,WorkerId,ArrivalTime,AssignTime,Reason
1644422776,5,job1_scenario4_5,B11,5,5,Zt_prime=0,
1644422777,24,job10_scenario2_24,B14,24,24,worker_is_unavailable,
1644422777,27,job12_scenario1_27,B11,27,27,worker_is_unavailable,
1644422778,38,job16_scenario1_38,in27,38,38,worker_is_unavailable,
1644422778,39,job17_scenario1_39,in27,39,39,worker_is_unavailable,
1644422779,50,job20_scenario1_50,B11,50,50,worker_is_unavailable,
1644422780,53,job4_scenario0_13,B11,13,53,worker_is_unavailable,
1644422780,55,job5_scenario0_15,B11,15,55,Zt_prime=0,
1644422780,58,job24_scenario1_57,in27,57,58,worker_is_unavailable,
1644422780,58,job25_scenario4_58,B11,58,58,worker_is_unavailable,
1644422780,61,job8_scenario0_21,B11,21,61,worker_is_unavailable,
1644422780,62,job27_scenario3_61,B11,61,62,worker_is_unavailable,
1644422781,71,job31_scenario2_71,B14,71,71,Zt_prime=0,
1644422781,74,job32_scenario4_74,B11,74,74,worker_is_unavailable,
1644422782,81,job36_scenario3_81,B11,81,81,worker_is_unavailable,
1644422783,94,job22_scenario0_54,B11,54,94,worker_is_unavailable,
1644422783,95,job44_scenario1_95,B11,95,95,worker_is_unavailable,
1644422783,96,job23_scenario0_56,B11,56,96,worker_is_unavailable,
1644422783,97,job29_scenario1_67,B11,67,97,worker_is_unavailable,
1644422783,97,job46_scenario4_97,B11,97,97,worker_is_unavailable,
1644422783,98,job39_scenario1_84,B11,84,98,worker_is_unavailable,
1644422784,99,job26_scenario0_59,B11,59,99,worker_is_unavailable,
1644422784,99,job48_scenario3_99,B11,99,99,worker_is_unavailable,
1644422784,103,job50_scenario1_103,B11,103,103,worker_is_unavailable,
1644422784,106,job51_scenario1_106,B14,106,106,worker_is_unavailable,
1644422784,110,job30_scenario0_70,B11,70,110,worker_is_unavailable,
1644422786,122,job37_scenario0_82,B11,82,122,worker_is_unavailable,
1644422786,123,job62_scenario3_123,B11,123,123,worker_is_unavailable,
1644422787,126,job61_scenario4_122,B11,122,126,worker_is_unavailable,
1644422787,127,job40_scenario0_87,B11,87,127,worker_is_unavailable,
1644422787,130,job65_scenario4_130,B11,130,130,worker_is_unavailable,
1644422788,133,job67_scenario1_133,B11,133,133,worker_is_unavailable,
1644422788,134,job43_scenario0_94,B11,94,134,worker_is_unavailable,
1644422788,135,job63_scenario4_124,B11,124,135,worker_is_unavailable,
1644422788,138,job47_scenario0_98,B11,98,138,worker_is_unavailable,
1644422789,140,job54_scenario3_109,B11,109,140,worker_is_unavailable,
1644422789,141,job49_scenario0_101,B11,101,141,worker_is_unavailable,
1644422789,141,job68_scenario4_141,B11,141,141,worker_is_unavailable,
1644422789,146,job52_scenario1_107,B14,107,146,Zt_prime=0,
1644422790,148,job53_scenario0_108,B11,108,148,Zt_prime=0,
1644422791,155,job74_scenario1_154,in27,154,155,Zt_prime=0,
1644422792,159,job76_scenario2_158,B14,158,159,Zt_prime=0,
1644422793,167,job73_scenario4_153,B11,153,167,worker_is_unavailable,
1644422794,169,job80_scenario2_169,B14,169,169,worker_is_unavailable,
1644422794,171,job66_scenario0_131,B11,131,171,worker_is_unavailable,
1644422795,174,job70_scenario4_145,B11,145,174,worker_is_unavailable,
1644422795,178,job84_scenario1_177,in27,177,178,worker_is_unavailable,
1644422796,183,job87_scenario1_182,in27,182,183,worker_is_unavailable,
1644422797,189,job88_scenario1_183,B14,183,189,worker_is_unavailable,
1644422799,203,job90_scenario3_190,B11,190,203,worker_is_unavailable,
1644422800,207,job92_scenario3_193,B11,193,207,worker_is_unavailable,
1644422800,207,job102_scenario3_206,B11,206,207,worker_is_unavailable,
1644422801,212,job105_scenario1_212,B11,212,212,worker_is_unavailable,
1644422801,213,job81_scenario0_173,B11,173,213,Zt_prime=0,
1644422802,217,job85_scenario4_178,B11,178,217,worker_is_unavailable,
1644422802,219,job86_scenario0_179,B11,179,219,worker_is_unavailable,
1644422803,227,job94_scenario3_195,B11,195,227,worker_is_unavailable,
1644422804,229,job99_scenario2_202,B14,202,229,Zt_prime=0,
1644422804,233,job101_scenario1_204,in27,204,233,worker_is_unavailable,
1644422804,234,job108_scenario3_218,B11,218,234,worker_is_unavailable,
1644422805,235,job111_scenario4_225,B11,225,235,worker_is_unavailable,
1644422805,237,job97_scenario3_199,B11,199,237,worker_is_unavailable,
1644422806,243,job103_scenario4_207,B11,207,243,worker_is_unavailable,
1644422807,251,job104_scenario0_211,B11,211,251,worker_is_unavailable,
1644422808,254,job107_scenario1_217,in27,217,254,worker_is_unavailable,
1644422808,256,job110_scenario2_224,B14,224,256,worker_is_unavailable,
1644422809,264,job129_scenario3_264,B11,264,264,worker_is_unavailable,
1644422810,270,job115_scenario0_230,B11,230,270,worker_is_unavailable,
1644422812,278,job119_scenario2_240,B14,240,278,worker_is_unavailable,
1644422812,278,job135_scenario1_278,B14,278,278,worker_is_unavailable,
1644422814,288,job133_scenario2_275,B14,275,288,Zt_prime=0,
1644422815,296,job127_scenario2_256,B14,256,296,worker_is_unavailable,
1644422815,297,job128_scenario2_258,B14,258,297,worker_is_unavailable,
1644422816,303,job145_scenario1_296,in27,296,303,worker_is_unavailable,
1644422816,305,job142_scenario1_293,B14,293,305,Zt_prime=0,
1644422817,308,job130_scenario0_268,B11,268,308,worker_is_unavailable,
1644422817,308,job151_scenario3_306,B11,306,308,worker_is_unavailable,
1644422817,310,job149_scenario3_302,B11,302,310,worker_is_unavailable,
1644422820,328,job139_scenario0_288,B11,288,328,worker_is_unavailable,
1644422821,331,job155_scenario1_315,in27,315,331,Zt_prime=0,
1644422821,331,job163_scenario1_326,B11,326,331,other_job_from_Ati_was_chosen,
1644422822,334,job152_scenario1_307,in27,307,334,worker_is_unavailable,
1644422822,334,job143_scenario2_294,B14,294,334,worker_is_unavailable,
1644422822,337,job167_scenario3_334,B11,334,337,other_job_from_Ati_was_chosen,
1644422822,338,job147_scenario0_298,B11,298,338,worker_is_unavailable,
1644422823,338,job148_scenario1_299,B11,299,338,worker_is_unavailable,
1644422823,338,job153_scenario4_308,B11,308,338,worker_is_unavailable,
1644422823,342,job170_scenario2_340,B14,340,342,worker_is_unavailable,
1644422823,343,job164_scenario1_329,in27,329,343,worker_is_unavailable,
1644422823,344,job150_scenario0_304,B11,304,344,worker_is_unavailable,
1644422824,346,job160_scenario1_323,B11,323,346,worker_is_unavailable,
1644422824,347,job154_scenario1_313,B14,313,347,worker_is_unavailable,
1644422825,357,job157_scenario0_317,B11,317,357,Zt_prime=0,
1644422826,359,job158_scenario0_319,B11,319,359,worker_is_unavailable,
1644422826,363,job172_scenario3_347,B11,347,363,worker_is_unavailable,
1644422827,364,job183_scenario1_360,B11,360,364,worker_is_unavailable,
1644422828,371,job177_scenario3_353,B11,353,371,worker_is_unavailable,
1644422829,374,job174_scenario1_350,in27,350,374,Zt_prime=0,
1644422829,376,job168_scenario2_336,B14,336,376,worker_is_unavailable,
1644422831,386,job171_scenario0_346,B11,346,386,worker_is_unavailable,
1644422831,387,job184_scenario4_361,B11,361,387,worker_is_unavailable,
1644422831,389,job173_scenario0_349,B11,349,389,worker_is_unavailable,
1644422832,393,job178_scenario1_355,in27,355,393,worker_is_unavailable,
1644422833,396,job179_scenario0_356,B11,356,396,worker_is_unavailable,
1644422833,399,job190_scenario3_370,B11,370,399,worker_is_unavailable,
1644422834,402,job206_scenario1_402,in27,402,402,worker_is_unavailable,
1644422834,405,job186_scenario0_365,B11,365,405,worker_is_unavailable,
1644422834,406,job187_scenario1_366,B11,366,406,worker_is_unavailable,
1644422835,408,job189_scenario0_368,B11,368,408,worker_is_unavailable,
1644422835,411,job195_scenario1_384,B14,384,411,Zt_prime=0,
1644422836,418,job200_scenario1_390,B11,390,418,other_job_from_Ati_was_chosen,
1644422837,420,job194_scenario0_380,B11,380,420,worker_is_unavailable,
1644422837,420,job214_scenario3_417,B11,417,420,worker_is_unavailable,
1644422837,423,job215_scenario1_422,in27,422,423,worker_is_unavailable,
1644422839,431,job201_scenario3_391,B11,391,431,Zt_prime=0,
1644422840,435,job209_scenario1_408,B11,408,435,worker_is_unavailable,
1644422840,437,job222_scenario1_432,in27,432,437,worker_is_unavailable,
1644422842,446,job207_scenario0_406,B11,406,446,worker_is_unavailable,
1644422842,448,job212_scenario3_415,B11,415,448,worker_is_unavailable,
1644422844,462,job218_scenario2_426,B14,426,462,worker_is_unavailable,
1644422844,464,job217_scenario1_424,B14,424,464,worker_is_unavailable,
1644422845,471,job221_scenario0_431,B11,431,471,worker_is_unavailable,
1644422846,474,job223_scenario2_434,B14,434,474,worker_is_unavailable,
1644422847,479,job230_scenario4_458,B11,458,479,worker_is_unavailable,
1644422848,492,job232_scenario2_461,B14,461,492,worker_is_unavailable,
1644422850,502,job233_scenario0_462,B11,462,502,worker_is_unavailable,
1644422850,502,job236_scenario4_467,B11,467,502,worker_is_unavailable,
1644422850,502,job243_scenario3_480,B11,480,502,worker_is_unavailable,
1644422850,503,job239_scenario1_474,in27,474,503,worker_is_unavailable,
1644422851,505,job234_scenario1_465,in27,465,505,worker_is_unavailable,
1644422851,506,job249_scenario1_489,B11,489,506,worker_is_unavailable,
1644422851,507,job247_scenario4_487,B11,487,507,worker_is_unavailable,
1644422851,508,job252_scenario4_496,B11,496,508,worker_is_unavailable,
1644422852,512,job260_scenario1_509,B11,509,512,worker_is_unavailable,
1644422853,517,job240_scenario0_477,B11,477,517,worker_is_unavailable,
1644422854,519,job242_scenario0_479,B11,479,519,Zt_prime=0,
1644422855,524,job246_scenario2_486,B14,486,524,worker_is_unavailable,
1644422855,525,job268_scenario2_523,B14,523,525,worker_is_unavailable,
1644422855,526,job250_scenario2_490,B14,490,526,worker_is_unavailable,
1644422855,529,job269_scenario1_526,B11,526,529,worker_is_unavailable,
1644422856,533,job256_scenario3_502,B11,502,533,worker_is_unavailable,
1644422856,536,job254_scenario3_498,B11,498,536,worker_is_unavailable,
1644422857,537,job275_scenario3_535,B11,535,537,worker_is_unavailable,
1644422857,539,job263_scenario1_515,B14,515,539,other_job_from_Ati_was_chosen,
1644422857,539,job255_scenario3_499,B11,499,539,worker_is_unavailable,
1644422857,539,job261_scenario4_510,B11,510,539,worker_is_unavailable,
1644422858,544,job281_scenario2_542,B14,542,544,Zt_prime=0,
1644422860,554,job285_scenario1_548,B11,548,554,Zt_prime=0,
1644422860,556,job264_scenario1_516,in27,516,556,worker_is_unavailable,
1644422860,556,job266_scenario2_520,B14,520,556,worker_is_unavailable,
1644422861,562,job267_scenario0_522,B11,522,562,worker_is_unavailable,
1644422862,566,job282_scenario4_545,B11,545,566,worker_is_unavailable,
1644422862,566,job289_scenario1_558,B11,558,566,worker_is_unavailable,
1644422862,567,job271_scenario2_530,B14,530,567,worker_is_unavailable,
1644422862,567,job273_scenario1_532,B14,532,567,worker_is_unavailable,
1644422862,568,job270_scenario0_528,B11,528,568,worker_is_unavailable,
1644422862,569,job292_scenario2_562,B14,562,569,worker_is_unavailable,
1644422863,569,job293_scenario4_563,B11,563,569,worker_is_unavailable,
1644422863,570,job276_scenario3_536,B11,536,570,worker_is_unavailable,
1644422863,572,job291_scenario4_561,B11,561,572,worker_is_unavailable,
1644422863,574,job274_scenario0_534,B11,534,574,worker_is_unavailable,
1644422863,575,job277_scenario4_537,B11,537,575,worker_is_unavailable,
1644422863,576,job294_scenario4_564,B11,564,576,worker_is_unavailable,
1644422864,578,job278_scenario0_538,B11,538,578,worker_is_unavailable,
1644422866,593,job299_scenario1_573,B11,573,593,worker_is_unavailable,
1644422866,594,job287_scenario2_554,B14,554,594,worker_is_unavailable,
1644422866,595,job288_scenario2_557,B14,557,595,worker_is_unavailable,
1644422866,596,job290_scenario1_560,B14,560,596,worker_is_unavailable,
1644422868,606,job295_scenario0_566,B11,566,606,worker_is_unavailable,
1644422868,607,job296_scenario3_567,B11,567,607,worker_is_unavailable,
1644422868,608,job303_scenario1_579,B11,579,608,worker_is_unavailable,
1644422869,614,job300_scenario0_574,B11,574,614,Zt_prime=0,
1644422870,615,job305_scenario1_583,B11,583,615,Zt_prime=0,
1644422870,616,job307_scenario2_585,B14,585,616,worker_is_unavailable,
1644422870,618,job302_scenario0_578,B11,578,618,worker_is_unavailable,
1644422870,619,job308_scenario1_586,in27,586,619,worker_is_unavailable,
1644422871,622,job304_scenario0_582,B11,582,622,worker_is_unavailable,
1644422871,626,job313_scenario1_596,B11,596,626,worker_is_unavailable,
1644422872,631,job310_scenario3_591,B11,591,631,worker_is_unavailable,
1644422873,635,job312_scenario0_595,B11,595,635,worker_is_unavailable,
1644422873,635,job332_scenario3_632,B11,632,635,worker_is_unavailable,
1644422874,642,job317_scenario2_602,B14,602,642,worker_is_unavailable,
1644422874,642,job319_scenario3_605,B11,605,642,Zt_prime=0,
1644422875,644,job318_scenario1_604,in27,604,644,worker_is_unavailable,
1644422876,649,job320_scenario4_609,B11,609,649,worker_is_unavailable,
1644422878,661,job325_scenario2_621,B14,621,661,Zt_prime=0,
1644422878,665,job328_scenario1_625,in27,625,665,worker_is_unavailable,
1644422879,670,job330_scenario2_630,B14,630,670,worker_is_unavailable,
1644422879,671,job331_scenario2_631,B14,631,671,worker_is_unavailable,
1644422880,675,job334_scenario3_635,B11,635,675,Zt_prime=0,
1644422881,678,job337_scenario0_638,B11,638,678,worker_is_unavailable,
1644422881,679,job338_scenario0_639,B11,639,679,worker_is_unavailable,
1644422882,685,job340_scenario2_645,B14,645,685,worker_is_unavailable,
1644422882,686,job341_scenario1_646,B11,646,686,worker_is_unavailable,
1644422882,687,job354_scenario1_666,B11,666,687,worker_is_unavailable,
1644422883,694,job345_scenario3_654,B11,654,694,worker_is_unavailable,
1644422884,695,job346_scenario1_655,B11,655,695,worker_is_unavailable,
1644422884,699,job348_scenario3_659,B11,659,699,worker_is_unavailable,
1644422885,703,job351_scenario0_663,B11,663,703,worker_is_unavailable,
1644422885,704,job352_scenario1_664,in27,664,704,worker_is_unavailable,
1644422886,708,job355_scenario1_668,in27,668,708,worker_is_unavailable,
1644422887,717,job357_scenario0_677,B11,677,717,worker_is_unavailable,
1644422888,717,job359_scenario3_680,B11,680,717,worker_is_unavailable,
1644422888,721,job360_scenario0_681,B11,681,721,worker_is_unavailable,
1644422888,722,job361_scenario1_682,B11,682,722,worker_is_unavailable,
1644422888,723,job362_scenario0_683,B11,683,723,worker_is_unavailable,
1644422889,729,job363_scenario3_689,B11,689,729,worker_is_unavailable,
1644422889,730,job364_scenario0_690,B11,690,730,worker_is_unavailable,
1644422889,731,job366_scenario3_693,B11,693,731,worker_is_unavailable,
1644422890,735,job367_scenario2_695,B14,695,735,worker_is_unavailable,
1644422890,735,job368_scenario2_696,B14,696,735,worker_is_unavailable,
1644422891,746,job370_scenario1_706,B11,706,746,worker_is_unavailable,
1644422892,748,job371_scenario0_708,B11,708,748,worker_is_unavailable,
1644422893,754,job375_scenario1_714,in27,714,754,worker_is_unavailable,
1644422893,756,job376_scenario3_716,B11,716,756,worker_is_unavailable,
1644422893,757,job377_scenario4_717,B11,717,757,worker_is_unavailable,
1644422895,767,job380_scenario1_727,B11,727,767,worker_is_unavailable,
1644422896,773,job382_scenario0_733,B11,733,773,worker_is_unavailable,
1644422896,773,job390_scenario4_753,B11,753,773,worker_is_unavailable,
1644422896,776,job383_scenario0_736,B11,736,776,worker_is_unavailable,
1644422899,791,job388_scenario2_751,B14,751,791,worker_is_unavailable,
1644422899,793,job391_scenario3_754,B11,754,793,Zt_prime=0,
1644422901,804,job394_scenario4_764,B11,764,804,worker_is_unavailable,
1644422901,805,job395_scenario4_765,B11,765,805,worker_is_unavailable,
1644422901,807,job396_scenario1_767,B14,767,807,Zt_prime=0,
1644422903,817,job397_scenario1_777,B11,777,817,worker_is_unavailable,
1644422903,819,job398_scenario1_779,B11,779,819,worker_is_unavailable,
1644422903,820,job399_scenario1_780,B14,780,820,Zt_prime=0,
1644422904,821,job400_scenario2_781,B14,781,821,Zt_prime=0,
1644422904,824,job402_scenario1_784,B14,784,824,worker_is_unavailable,
1644422905,827,job403_scenario2_787,B14,787,827,Zt_prime=0,
1644422905,829,job405_scenario2_789,B14,789,829,worker_is_unavailable,
1644422907,838,job409_scenario2_798,B14,798,838,worker_is_unavailable,
1644422907,840,job410_scenario2_800,B14,800,840,worker_is_unavailable,
1644422907,841,job411_scenario1_801,B11,801,841,worker_is_unavailable,
1644422908,844,job413_scenario1_804,B14,804,844,Zt_prime=0,
1644422909,847,job415_scenario1_807,B14,807,847,Zt_prime=0,
1644422910,855,job417_scenario0_815,B11,815,855,worker_is_unavailable,
1644422910,856,job418_scenario2_816,B14,816,856,Zt_prime=0,
1644422912,868,job421_scenario1_828,B11,828,868,worker_is_unavailable,
1644422912,871,job427_scenario0_846,in27,846,871,worker_is_unavailable,
1644422913,877,job424_scenario0_837,B11,837,877,worker_is_unavailable,
1644422913,878,job425_scenario3_839,B11,839,878,worker_is_unavailable,
1644422913,881,job426_scenario3_841,B11,841,881,worker_is_unavailable,
1644422916,896,job442_scenario3_882,B11,882,896,Zt_prime=0,
1644422916,899,job430_scenario1_859,B14,859,899,worker_is_unavailable,
1644422918,908,job434_scenario0_868,B11,868,908,worker_is_unavailable,
1644422919,912,job436_scenario2_872,B14,872,912,worker_is_unavailable,
1644422919,913,job437_scenario1_873,B11,873,913,worker_is_unavailable,
1644422919,916,job438_scenario1_876,B14,876,916,worker_is_unavailable,
1644422920,920,job440_scenario2_880,B14,880,920,worker_is_unavailable,
1644422920,921,job441_scenario3_881,B11,881,921,worker_is_unavailable,
1644422921,927,job443_scenario0_887,B11,887,927,worker_is_unavailable,
1644422922,933,job445_scenario0_893,B11,893,933,worker_is_unavailable,
1644422922,935,job446_scenario0_895,B11,895,935,worker_is_unavailable,
1644422922,936,job447_scenario3_896,B11,896,936,worker_is_unavailable,
1644422923,944,job451_scenario2_904,B14,904,944,worker_is_unavailable,
1644422924,945,job452_scenario1_905,B11,905,945,worker_is_unavailable,
1644422924,947,job453_scenario2_907,B14,907,947,worker_is_unavailable,
1644422924,949,job455_scenario1_909,B11,909,949,worker_is_unavailable,
1644422925,952,job457_scenario4_912,B11,912,952,worker_is_unavailable,
1644422925,957,job458_scenario0_917,B11,917,957,worker_is_unavailable,
1644422925,958,job459_scenario4_918,B11,918,958,worker_is_unavailable,
1644422926,960,job461_scenario0_920,B11,920,960,worker_is_unavailable,
1644422926,961,job473_scenario3_960,B11,960,961,Zt_prime=0,
1644422926,963,job462_scenario2_923,B14,923,963,worker_is_unavailable,
1644422928,975,job464_scenario2_935,B14,935,975,worker_is_unavailable,
1644422929,980,job467_scenario1_940,B11,940,980,worker_is_unavailable,
1644422929,983,job468_scenario3_943,B11,943,983,worker_is_unavailable,
1644422930,987,job469_scenario0_947,B11,947,987,worker_is_unavailable,
1644422930,988,job470_scenario3_948,B11,948,988,worker_is_unavailable,
1644422936,1029,job483_scenario0_989,in27,989,1029,worker_is_unavailable,
1644422937,1033,job484_scenario1_993,B14,993,1033,worker_is_unavailable,
1644422938,1036,job487_scenario1_996,B11,996,1036,Zt_prime=0,
1644422939,1041,job489_scenario3_1001,B11,1001,1041,worker_is_unavailable,
1644422939,1045,job491_scenario3_1005,B11,1005,1045,worker_is_unavailable,
1644422940,1047,job493_scenario3_1007,B11,1007,1047,worker_is_unavailable,
1644422940,1048,job494_scenario1_1008,B14,1008,1048,worker_is_unavailable,
1644422940,1051,job495_scenario0_1011,in27,1011,1051,worker_is_unavailable,
1644422941,1054,job497_scenario2_1014,B14,1014,1054,worker_is_unavailable,
1644422941,1056,job498_scenario0_1016,B11,1016,1056,worker_is_unavailable,
1644422941,1057,job499_scenario2_1017,B14,1017,1057,worker_is_unavailable,
1644422942,1059,job500_scenario0_1019,in27,1019,1059,worker_is_unavailable,
1644422942,1060,job501_scenario3_1020,B11,1020,1060,worker_is_unavailable,
1644422942,1064,job503_scenario2_1024,B14,1024,1064,worker_is_unavailable,
1644422942,1065,job505_scenario2_1029,B14,1029,1065,worker_is_unavailable,
1644422944,1072,job507_scenario4_1032,B11,1032,1072,worker_is_unavailable,
1644422945,1080,job510_scenario0_1040,in27,1040,1080,worker_is_unavailable,
1644422946,1085,job513_scenario0_1045,in27,1045,1085,worker_is_unavailable,
1644422946,1087,job514_scenario1_1047,B14,1047,1087,Zt_prime=0,
1644422947,1089,job515_scenario1_1049,B14,1049,1089,Zt_prime=0,
1644422948,1099,job517_scenario1_1059,B11,1059,1099,Zt_prime=0,
1644422949,1102,job519_scenario4_1062,B11,1062,1102,worker_is_unavailable,
1644422950,1106,job520_scenario3_1066,B11,1066,1106,worker_is_unavailable,
1644422951,1113,job523_scenario0_1073,B11,1073,1113,worker_is_unavailable,
1644422951,1114,job524_scenario4_1074,B11,1074,1114,worker_is_unavailable,
1644422951,1116,job525_scenario3_1076,B11,1076,1116,worker_is_unavailable,
1644422951,1118,job526_scenario0_1078,B11,1078,1118,worker_is_unavailable,
1644422952,1119,job527_scenario3_1079,B11,1079,1119,worker_is_unavailable,
1644422954,1132,job531_scenario3_1092,B11,1092,1132,worker_is_unavailable,
1644422954,1134,job533_scenario4_1094,B11,1094,1134,worker_is_unavailable,
1644422955,1136,job534_scenario2_1096,B14,1096,1136,worker_is_unavailable,
1644422956,1144,job537_scenario3_1104,B11,1104,1144,worker_is_unavailable,
1644422956,1145,job538_scenario0_1105,B11,1105,1145,worker_is_unavailable,
1644422956,1147,job539_scenario4_1107,B11,1107,1147,worker_is_unavailable,
1644422956,1149,job540_scenario0_1109,B11,1109,1149,worker_is_unavailable,
1644422956,1150,job541_scenario0_1110,B11,1110,1150,worker_is_unavailable,
1644422957,1153,job543_scenario2_1113,B14,1113,1153,worker_is_unavailable,
1644422957,1154,job544_scenario2_1114,B14,1114,1154,worker_is_unavailable,
1644422958,1157,job545_scenario1_1117,B14,1117,1157,Zt_prime=0,
1644422959,1161,job548_scenario2_1121,B14,1121,1161,worker_is_unavailable,
1644422960,1174,job551_scenario1_1134,B11,1134,1174,worker_is_unavailable,
1644422961,1178,job554_scenario2_1138,B14,1138,1178,worker_is_unavailable,
1644422961,1179,job555_scenario2_1139,B14,1139,1179,worker_is_unavailable,
1644422963,1191,job557_scenario1_1151,B11,1151,1191,worker_is_unavailable,
1644422964,1201,job560_scenario4_1163,B11,1163,1201,worker_is_unavailable,
1644422965,1210,job561_scenario4_1170,B11,1170,1210,worker_is_unavailable,
1644422965,1210,job562_scenario3_1171,B11,1171,1210,worker_is_unavailable,
1644422965,1212,job563_scenario1_1172,B14,1172,1212,Zt_prime=0,
1644422966,1213,job564_scenario4_1173,B11,1173,1213,worker_is_unavailable,
1644422966,1214,job579_scenario0_1206,in27,1206,1214,worker_is_unavailable,
1644422966,1216,job566_scenario3_1176,B11,1176,1216,worker_is_unavailable,
1644422968,1229,job570_scenario0_1189,B11,1189,1229,worker_is_unavailable,
1644422968,1230,job571_scenario4_1190,B11,1190,1230,worker_is_unavailable,
1644422968,1232,job572_scenario4_1192,B11,1192,1232,worker_is_unavailable,
1644422969,1239,job575_scenario3_1199,B11,1199,1239,worker_is_unavailable,
1644422969,1240,job576_scenario1_1200,B11,1200,1240,worker_is_unavailable,
1644422970,1244,job578_scenario0_1204,B11,1204,1244,worker_is_unavailable,
1644422970,1247,job580_scenario2_1207,B14,1207,1247,worker_is_unavailable,
1644422971,1252,job582_scenario2_1212,B14,1212,1252,worker_is_unavailable,
1644422971,1253,job583_scenario3_1213,B11,1213,1253,Zt_prime=0,
1644422972,1254,job584_scenario1_1214,B14,1214,1254,worker_is_unavailable,
1644422972,1260,job586_scenario0_1220,in27,1220,1260,worker_is_unavailable,
1644422974,1271,job591_scenario0_1231,B11,1231,1271,worker_is_unavailable,
1644422976,1278,job595_scenario4_1238,B11,1238,1278,worker_is_unavailable,
1644422976,1281,job596_scenario4_1241,B11,1241,1281,worker_is_unavailable,
1644422977,1288,job599_scenario2_1248,B14,1248,1288,worker_is_unavailable,
1644422978,1290,job601_scenario1_1250,B14,1250,1290,worker_is_unavailable,
1644422978,1293,job603_scenario2_1253,B14,1253,1293,worker_is_unavailable,
1644422978,1295,job604_scenario2_1255,B14,1255,1295,worker_is_unavailable,
1644422979,1296,job605_scenario2_1256,B14,1256,1296,worker_is_unavailable,
1644422980,1302,job610_scenario0_1262,B11,1262,1302,worker_is_unavailable,
1644422982,1311,job614_scenario2_1274,B14,1274,1311,other_job_from_Ati_was_chosen,
1644422983,1316,job616_scenario2_1276,B14,1276,1316,worker_is_unavailable,
1644422983,1318,job617_scenario3_1278,B11,1278,1318,Zt_prime=0,
1644422984,1323,job620_scenario2_1283,B14,1283,1323,worker_is_unavailable,
1644422985,1325,job622_scenario1_1285,B14,1285,1325,worker_is_unavailable,
1644422985,1327,job623_scenario3_1287,B11,1287,1327,worker_is_unavailable,
1644422985,1328,job624_scenario1_1288,B14,1288,1328,worker_is_unavailable,
1644422985,1329,job625_scenario2_1289,B14,1289,1329,worker_is_unavailable,
1644422985,1330,job626_scenario1_1290,B11,1290,1330,worker_is_unavailable,
1644422985,1331,job627_scenario1_1291,B14,1291,1331,worker_is_unavailable,
1644422985,1332,job628_scenario1_1292,B11,1292,1332,worker_is_unavailable,
1644422985,1333,job629_scenario4_1293,B11,1293,1333,worker_is_unavailable,
1644422985,1334,job630_scenario0_1294,B11,1294,1334,worker_is_unavailable,
1644422985,1335,job631_scenario0_1295,B11,1295,1335,worker_is_unavailable,
1644422986,1345,job632_scenario1_1305,B14,1305,1345,Zt_prime=0,
1644422988,1353,job635_scenario0_1313,B11,1313,1353,Zt_prime=0,
1644422990,1367,job639_scenario1_1327,B14,1327,1367,worker_is_unavailable,
1644422990,1369,job641_scenario4_1329,B11,1329,1369,worker_is_unavailable,
1644422991,1373,job642_scenario3_1333,B11,1333,1373,Zt_prime=0,
1644422991,1378,job644_scenario0_1338,B11,1338,1378,worker_is_unavailable,
1644422992,1383,job646_scenario3_1344,B11,1344,1383,other_job_from_Ati_was_chosen,
1644422993,1392,job648_scenario1_1352,B11,1352,1392,worker_is_unavailable,
1644422993,1396,job649_scenario4_1356,B11,1356,1396,worker_is_unavailable,
1644422994,1400,job651_scenario1_1360,B11,1360,1400,worker_is_unavailable,
1644422994,1401,job652_scenario1_1361,B11,1361,1401,worker_is_unavailable,
1644422994,1402,job653_scenario3_1362,B11,1362,1402,worker_is_unavailable,
1644422995,1406,job655_scenario2_1366,B14,1366,1406,worker_is_unavailable,
1644422996,1421,job658_scenario1_1381,B11,1381,1421,worker_is_unavailable,
1644422997,1424,job660_scenario2_1384,B14,1384,1424,worker_is_unavailable,
1644422998,1429,job662_scenario1_1389,B11,1389,1429,worker_is_unavailable,
1644422998,1432,job663_scenario0_1392,B11,1392,1432,worker_is_unavailable,
1644422998,1433,job664_scenario3_1393,B11,1393,1433,worker_is_unavailable,
1644422998,1434,job665_scenario0_1394,B11,1394,1434,worker_is_unavailable,
1644423002,1454,job673_scenario3_1414,B11,1414,1454,worker_is_unavailable,
1644423004,1464,job675_scenario3_1424,B11,1424,1464,Zt_prime=0,
1644423005,1481,job679_scenario0_1441,in27,1441,1481,worker_is_unavailable,
1644423006,1485,job685_scenario2_1474,B14,1474,1485,worker_is_unavailable,
1644423007,1486,job682_scenario3_1446,B11,1446,1486,worker_is_unavailable,
1644423008,1498,job683_scenario2_1463,B14,1463,1498,worker_is_unavailable,
1644423008,1502,job690_scenario3_1493,B11,1493,1502,worker_is_unavailable,
1644423009,1507,job684_scenario1_1467,B14,1467,1507,worker_is_unavailable,
1644423011,1523,job687_scenario1_1483,B14,1483,1523,worker_is_unavailable,
1644423014,1542,job698_scenario3_1531,B11,1531,1542,worker_is_unavailable,
1644423017,1570,job697_scenario0_1530,B11,1530,1570,worker_is_unavailable,
1644423017,1571,job699_scenario1_1533,B11,1533,1571,worker_is_unavailable,
1644423019,1591,job703_scenario3_1560,B11,1560,1591,worker_is_unavailable,
1644423020,1594,job702_scenario0_1554,B11,1554,1594,worker_is_unavailable,
1644423020,1601,job704_scenario0_1561,in27,1561,1601,worker_is_unavailable,
1644423021,1604,job705_scenario2_1564,B14,1564,1604,worker_is_unavailable,
1644423021,1604,job708_scenario1_1583,B14,1583,1604,worker_is_unavailable,
1644423022,1609,job706_scenario0_1569,in27,1569,1609,worker_is_unavailable,
1644423022,1612,job712_scenario1_1596,B11,1596,1612,worker_is_unavailable,
1644423022,1614,job711_scenario1_1595,B11,1595,1614,worker_is_unavailable,
1644423024,1624,job709_scenario2_1584,B14,1584,1624,worker_is_unavailable,
1644423026,1643,job718_scenario3_1621,B11,1621,1643,worker_is_unavailable,
1644423026,1651,job714_scenario0_1611,B11,1611,1651,worker_is_unavailable,
1644423028,1659,job716_scenario0_1619,in27,1619,1659,worker_is_unavailable,
1644423028,1660,job720_scenario1_1638,B11,1638,1660,worker_is_unavailable,
1644423029,1661,job726_scenario0_1651,in27,1651,1661,worker_is_unavailable,
1644423031,1680,job721_scenario0_1640,B11,1640,1680,worker_is_unavailable,
1644423033,1695,job733_scenario1_1677,B11,1677,1695,Zt_prime=0,
1644423034,1702,job730_scenario1_1662,B14,1662,1702,Zt_prime=0,
1644423035,1712,job734_scenario1_1681,B14,1681,1712,worker_is_unavailable,
1644423037,1723,job736_scenario1_1689,B14,1689,1723,worker_is_unavailable,
1644423038,1725,job750_scenario1_1721,B11,1721,1725,other_job_from_Ati_was_chosen,
1644423038,1726,job744_scenario0_1711,B14,1711,1726,worker_is_unavailable,
1644423038,1728,job738_scenario1_1699,B11,1699,1728,worker_is_unavailable,
1644423039,1735,job745_scenario1_1712,B14,1712,1735,worker_is_unavailable,
1644423039,1736,job743_scenario4_1710,B11,1710,1736,worker_is_unavailable,
1644423039,1738,job746_scenario0_1713,B14,1713,1738,worker_is_unavailable,
1644423041,1751,job753_scenario1_1728,B11,1728,1751,worker_is_unavailable,
1644423042,1754,job747_scenario0_1714,in27,1714,1754,worker_is_unavailable,
1644423043,1763,job760_scenario4_1756,B11,1756,1763,worker_is_unavailable,
1644423044,1765,job765_scenario0_1765,in27,1765,1765,worker_is_unavailable,
1644423044,1765,job754_scenario1_1737,B11,1737,1765,Zt_prime=0,
1644423047,1785,job755_scenario2_1745,B14,1745,1785,worker_is_unavailable,
1644423047,1786,job758_scenario2_1750,B14,1750,1786,worker_is_unavailable,
1644423048,1790,job761_scenario0_1758,B14,1758,1790,worker_is_unavailable,
1644423048,1790,job762_scenario1_1759,B11,1759,1790,worker_is_unavailable,
1644423048,1790,job773_scenario3_1785,B11,1785,1790,worker_is_unavailable,
1644423049,1799,job771_scenario3_1780,B11,1780,1799,worker_is_unavailable,
1644423049,1802,job772_scenario0_1781,B14,1781,1802,worker_is_unavailable,
1644423049,1803,job776_scenario4_1791,B11,1791,1803,worker_is_unavailable,
1644423049,1804,job764_scenario0_1764,B11,1764,1804,worker_is_unavailable,
1644423050,1807,job775_scenario1_1788,B11,1788,1807,worker_is_unavailable,
1644423051,1813,job767_scenario1_1773,B14,1773,1813,worker_is_unavailable,
1644423051,1816,job780_scenario0_1804,in27,1804,1816,worker_is_unavailable,
1644423052,1817,job777_scenario1_1797,B11,1797,1817,Zt_prime=0,
1644423053,1825,job783_scenario3_1825,B11,1825,1825,worker_is_unavailable,
1644423055,1841,job779_scenario0_1801,B11,1801,1841,worker_is_unavailable,
1644423056,1852,job791_scenario3_1845,B11,1845,1852,worker_is_unavailable,
1644423056,1852,job794_scenario1_1849,B11,1849,1852,worker_is_unavailable,
1644423056,1854,job789_scenario3_1843,B11,1843,1854,worker_is_unavailable,
1644423057,1861,job788_scenario2_1842,B14,1842,1861,other_job_from_Ati_was_chosen,
1644423058,1862,job785_scenario1_1834,B11,1834,1862,worker_is_unavailable,
1644423058,1868,job787_scenario2_1841,B14,1841,1868,worker_is_unavailable,
1644423059,1876,job795_scenario3_1850,B11,1850,1876,worker_is_unavailable,
1644423059,1877,job798_scenario1_1853,B11,1853,1877,worker_is_unavailable,
1644423059,1878,job797_scenario0_1852,B14,1852,1878,worker_is_unavailable,
1644423059,1880,job799_scenario1_1855,B11,1855,1880,worker_is_unavailable,
1644423060,1882,job800_scenario3_1858,B11,1858,1882,worker_is_unavailable,
1644423060,1884,job801_scenario1_1864,B11,1864,1884,worker_is_unavailable,
1644423061,1888,job803_scenario1_1883,B14,1883,1888,worker_is_unavailable,
1644423065,1917,job814_scenario4_1909,B11,1909,1917,worker_is_unavailable,
1644423066,1921,job806_scenario2_1890,B14,1890,1921,worker_is_unavailable,
1644423066,1921,job808_scenario1_1895,B14,1895,1921,worker_is_unavailable,
1644423067,1926,job812_scenario1_1904,B11,1904,1926,Zt_prime=0,
1644423068,1933,job817_scenario1_1919,B14,1919,1933,worker_is_unavailable,
1644423068,1935,job815_scenario2_1910,B14,1910,1935,worker_is_unavailable,
1644423068,1937,job809_scenario0_1897,in27,1897,1937,worker_is_unavailable,
1644423068,1937,job821_scenario2_1925,B14,1925,1937,worker_is_unavailable,
1644423068,1939,job810_scenario0_1899,in27,1899,1939,worker_is_unavailable,
1644423069,1940,job824_scenario3_1929,B11,1929,1940,worker_is_unavailable,
1644423069,1942,job811_scenario0_1902,in27,1902,1942,worker_is_unavailable,
1644423071,1960,job825_scenario0_1931,B14,1931,1960,worker_is_unavailable,
1644423072,1961,job827_scenario4_1940,B11,1940,1961,worker_is_unavailable,
1644423072,1964,job832_scenario1_1958,B14,1958,1964,worker_is_unavailable,
1644423072,1965,job828_scenario1_1949,B11,1949,1965,worker_is_unavailable,
1644423072,1968,job823_scenario0_1928,B11,1928,1968,worker_is_unavailable,
1644423072,1971,job833_scenario1_1959,B11,1959,1971,worker_is_unavailable,
1644423073,1979,job837_scenario0_1971,B14,1971,1979,Zt_prime=0,
1644423073,1980,job829_scenario4_1951,B11,1951,1980,worker_is_unavailable,
1644423073,1981,job830_scenario1_1952,B11,1952,1981,worker_is_unavailable,
1644423073,1982,job841_scenario3_1980,B11,1980,1982,worker_is_unavailable,
1644423074,1985,job834_scenario1_1962,B11,1962,1985,Zt_prime=0,
1644423076,1997,job831_scenario0_1957,B11,1957,1997,worker_is_unavailable,
1644423076,2000,job838_scenario1_1972,B11,1972,2000,worker_is_unavailable,
1644423076,2002,job848_scenario1_2002,B14,2002,2002,worker_is_unavailable,
1644423077,2010,job852_scenario1_2006,B14,2006,2010,Zt_prime=0,
1644423080,2025,job842_scenario0_1985,in27,1985,2025,worker_is_unavailable,
1644423080,2026,job847_scenario3_2001,B11,2001,2026,worker_is_unavailable,
1644423086,2059,job859_scenario3_2037,B11,2037,2059,Zt_prime=0,
1644423087,2063,job864_scenario0_2048,B14,2048,2063,worker_is_unavailable,
1644423087,2063,job869_scenario2_2057,B14,2057,2063,worker_is_unavailable,
1644423088,2064,job861_scenario1_2044,B14,2044,2064,other_job_from_Ati_was_chosen,
1644423088,2064,job872_scenario3_2064,B11,2064,2064,worker_is_unavailable,
1644423088,2066,job858_scenario3_2031,B11,2031,2066,worker_is_unavailable,
1644423088,2066,job873_scenario1_2066,B11,2066,2066,worker_is_unavailable,
1644423089,2068,job868_scenario4_2056,B11,2056,2068,worker_is_unavailable,
1644423089,2074,job865_scenario0_2051,in27,2051,2074,worker_is_unavailable,
1644423090,2084,job870_scenario0_2060,in27,2060,2084,worker_is_unavailable,
1644423091,2089,job867_scenario1_2054,B11,2054,2089,worker_is_unavailable,
1644423092,2101,job874_scenario1_2069,B14,2069,2101,worker_is_unavailable,
1644423094,2113,job878_scenario2_2085,B14,2085,2113,worker_is_unavailable,
1644423095,2138,job889_scenario0_2124,in27,2124,2138,worker_is_unavailable,
1644423096,2140,job883_scenario0_2100,in27,2100,2140,worker_is_unavailable,
1644423097,2148,job885_scenario0_2108,in27,2108,2148,worker_is_unavailable,
1644423098,2160,job886_scenario3_2120,B11,2120,2160,worker_is_unavailable,
1644423098,2161,job887_scenario1_2121,B11,2121,2161,worker_is_unavailable,
1644423098,2161,job888_scenario1_2122,B11,2122,2161,worker_is_unavailable,
1644423099,2164,job892_scenario2_2128,B14,2128,2164,worker_is_unavailable,
1644423099,2168,job893_scenario2_2131,B14,2131,2168,worker_is_unavailable,
1644423101,2177,job896_scenario0_2137,B14,2137,2177,worker_is_unavailable,
1644423102,2187,job898_scenario0_2147,in27,2147,2187,worker_is_unavailable,
1644423103,2189,job900_scenario3_2149,B11,2149,2189,worker_is_unavailable,
1644423103,2192,job901_scenario2_2153,B14,2153,2192,worker_is_unavailable,
1644423104,2208,job904_scenario0_2168,in27,2168,2208,worker_is_unavailable,
1644423107,2223,job907_scenario0_2184,B11,2184,2223,worker_is_unavailable,
1644423108,2227,job910_scenario2_2191,B14,2191,2227,worker_is_unavailable,
1644423111,2244,job918_scenario4_2226,B11,2226,2244,worker_is_unavailable,
1644423111,2247,job920_scenario0_2228,B11,2228,2247,worker_is_unavailable,
1644423112,2253,job914_scenario1_2213,B14,2213,2253,Zt_prime=0,
1644423113,2257,job921_scenario2_2229,B14,2229,2257,worker_is_unavailable,
1644423113,2257,job917_scenario0_2217,B11,2217,2257,worker_is_unavailable,
1644423116,2283,job927_scenario2_2253,B14,2253,2283,worker_is_unavailable,
1644423118,2306,job931_scenario1_2281,B14,2281,2306,worker_is_unavailable,
1644423119,2311,job929_scenario2_2277,B14,2277,2311,worker_is_unavailable,
1644423122,2326,job933_scenario0_2296,B11,2296,2326,worker_is_unavailable,
1644423123,2332,job934_scenario1_2297,B14,2297,2332,worker_is_unavailable,
1644423123,2333,job941_scenario0_2325,in27,2325,2333,worker_is_unavailable,
1644423123,2339,job943_scenario0_2334,in27,2334,2339,worker_is_unavailable,
1644423124,2348,job940_scenario2_2318,B14,2318,2348,worker_is_unavailable,
1644423127,2376,job945_scenario0_2342,B11,2342,2376,worker_is_unavailable,
1644423127,2379,job946_scenario4_2348,B11,2348,2379,worker_is_unavailable,
1644423127,2387,job947_scenario4_2356,B11,2356,2387,worker_is_unavailable,
1644423127,2391,job950_scenario0_2380,B11,2380,2391,worker_is_unavailable,
1644423130,2437,job953_scenario1_2397,B14,2397,2437,worker_is_unavailable,
1644423130,2437,job961_scenario3_2429,B14,2429,2437,worker_is_unavailable,
1644423133,2449,job958_scenario3_2421,B14,2421,2449,worker_is_unavailable,
1644423133,2452,job962_scenario0_2431,in27,2431,2452,worker_is_unavailable,
1644423133,2454,job957_scenario1_2420,B14,2420,2454,worker_is_unavailable,
1644423135,2484,job964_scenario3_2444,B14,2444,2484,worker_is_unavailable,
1644423135,2485,job967_scenario2_2466,B14,2466,2485,worker_is_unavailable,
1644423136,2490,job965_scenario3_2454,B14,2454,2490,worker_is_unavailable,
1644423137,2496,job969_scenario1_2470,B14,2470,2496,worker_is_unavailable,
1644423139,2514,job972_scenario0_2486,in27,2486,2514,Zt_prime=0,
1644423139,2516,job974_scenario2_2494,B14,2494,2516,worker_is_unavailable,
1644423139,2521,job975_scenario2_2495,B14,2495,2521,worker_is_unavailable,
1644423139,2524,job976_scenario2_2497,B14,2497,2524,worker_is_unavailable,
1644423140,2532,job973_scenario0_2492,B11,2492,2532,worker_is_unavailable,
1644423141,2542,job986_scenario1_2529,B14,2529,2542,worker_is_unavailable,
1644423141,2543,job985_scenario0_2527,B11,2527,2543,worker_is_unavailable,
1644423142,2546,job984_scenario1_2523,B14,2523,2546,other_job_from_Ati_was_chosen,
1644423143,2549,job980_scenario4_2516,B11,2516,2549,worker_is_unavailable,
1644423143,2555,job981_scenario0_2518,in27,2518,2555,worker_is_unavailable,
1644423145,2582,job990_scenario0_2560,B11,2560,2582,worker_is_unavailable,
1644423145,2583,job991_scenario0_2565,in27,2565,2583,worker_is_unavailable,
1644423146,2586,job989_scenario1_2551,B14,2551,2586,worker_is_unavailable,
1644423150,2624,job998_scenario0_2590,B11,2590,2624,worker_is_unavailable,
1644423151,2637,job1000_scenario3_2612,B14,2612,2637,worker_is_unavailable,
1644423151,2637,job1001_scenario1_2614,B14,2614,2637,worker_is_unavailable,
1644423151,2638,job999_scenario2_2608,B14,2608,2638,worker_is_unavailable,
1644423152,2665,job1003_scenario2_2634,B14,2634,2665,worker_is_unavailable,
1644423152,2667,job1007_scenario0_2642,B11,2642,2667,worker_is_unavailable,
1644423152,2669,job1008_scenario2_2643,B14,2643,2669,worker_is_unavailable,
1644423152,2673,job1011_scenario1_2657,B14,2657,2673,worker_is_unavailable,
1644423153,2673,job1012_scenario1_2664,B14,2664,2673,worker_is_unavailable,
1644423154,2676,job1006_scenario3_2640,B14,2640,2676,Zt_prime=0,
1644423157,2704,job1020_scenario4_2703,B11,2703,2704,worker_is_unavailable,
1644423157,2708,job1016_scenario0_2676,B11,2676,2708,worker_is_unavailable,
1644423159,2729,job1018_scenario0_2694,B11,2694,2729,worker_is_unavailable,
1644423160,2742,job1021_scenario0_2710,B11,2710,2742,worker_is_unavailable,
1644423160,2742,job1022_scenario4_2714,B11,2714,2742,worker_is_unavailable,
1644423161,2743,job1025_scenario1_2724,B14,2724,2743,other_job_from_Ati_was_chosen,
1644423162,2773,job1026_scenario0_2742,in27,2742,2773,Zt_prime=0,
1644423163,2773,job1029_scenario2_2749,B14,2749,2773,Zt_prime=0,
1644423165,2776,job1035_scenario2_2775,B14,2775,2776,worker_is_unavailable,
1644423166,2789,job1040_scenario2_2786,B14,2786,2789,worker_is_unavailable,
1644423170,2809,job1038_scenario3_2784,B14,2784,2809,Zt_prime=0,
1644423171,2816,job1036_scenario0_2776,B11,2776,2816,worker_is_unavailable,
1644423171,2818,job1037_scenario0_2780,B11,2780,2818,worker_is_unavailable,
1644423173,2832,job1042_scenario1_2797,B14,2797,2832,worker_is_unavailable,
1644423174,2852,job1046_scenario4_2823,B11,2823,2852,worker_is_unavailable,
1644423177,2883,job1051_scenario1_2843,B14,2843,2883,worker_is_unavailable,
1644423179,2890,job1053_scenario2_2855,B14,2855,2890,other_job_from_Ati_was_chosen,
1644423182,2918,job1058_scenario0_2878,B11,2878,2918,worker_is_unavailable,
1644423186,2961,job1068_scenario1_2960,B14,2960,2961,other_job_from_Ati_was_chosen,
1644423188,2974,job1064_scenario2_2938,B14,2938,2974,worker_is_unavailable,
1644423188,2974,job1063_scenario0_2935,B11,2935,2974,worker_is_unavailable,
1644423190,2989,job1069_scenario2_2965,B14,2965,2989,worker_is_unavailable,
1644423190,2993,job1073_scenario2_2983,B14,2983,2993,worker_is_unavailable,
1644423190,2994,job1067_scenario0_2958,B14,2958,2994,worker_is_unavailable,
1644423191,3022,job1077_scenario2_3007,B14,3007,3022,worker_is_unavailable,
1644423191,3027,job1075_scenario2_2995,B14,2995,3027,worker_is_unavailable,
1644423191,3028,job1076_scenario2_3000,B14,3000,3028,worker_is_unavailable,
1644423192,3034,job1081_scenario4_3034,B11,3034,3034,Zt_prime=0,
1644423192,3037,job1080_scenario0_3032,B14,3032,3037,worker_is_unavailable,
1644423193,3051,job1078_scenario1_3023,B14,3023,3051,worker_is_unavailable,
1644423197,3106,job1087_scenario4_3106,B11,3106,3106,Zt_prime=0,
1644423198,3119,job1086_scenario2_3105,B14,3105,3119,Zt_prime=0,
1644423198,3123,job1084_scenario3_3086,B14,3086,3123,worker_is_unavailable,
1644423199,3140,job1095_scenario4_3140,B11,3140,3140,worker_is_unavailable,
1644423200,3151,job1093_scenario3_3132,B14,3132,3151,worker_is_unavailable,
1644423200,3152,job1092_scenario1_3130,B14,3130,3152,worker_is_unavailable,
1644423207,3212,job1101_scenario0_3198,B14,3198,3212,worker_is_unavailable,
1644423209,3225,job1104_scenario0_3210,B14,3210,3225,worker_is_unavailable,
1644423209,3227,job1102_scenario1_3200,B14,3200,3227,worker_is_unavailable,
1644423210,3255,job1108_scenario1_3228,B14,3228,3255,worker_is_unavailable,
1644423210,3256,job1107_scenario0_3224,B14,3224,3256,worker_is_unavailable,
1644423211,3268,job1111_scenario0_3250,B14,3250,3268,worker_is_unavailable,
1644423211,3269,job1109_scenario2_3245,B14,3245,3269,worker_is_unavailable,
1644423212,3277,job1113_scenario2_3268,B14,3268,3277,Zt_prime=0,
1644423213,3288,job1110_scenario1_3248,B14,3248,3288,worker_is_unavailable,
1644423218,3330,job1116_scenario1_3291,B14,3291,3330,worker_is_unavailable,
1644423222,3408,job1124_scenario0_3385,B11,3385,3408,Zt_prime=0,
1644423225,3422,job1129_scenario3_3413,B14,3413,3422,Zt_prime=0,
1644423226,3426,job1126_scenario2_3387,B14,3387,3426,other_job_from_Ati_was_chosen,
1644423229,3457,job1131_scenario0_3420,B14,3420,3457,worker_is_unavailable,
1644423234,3510,job1135_scenario1_3482,B14,3482,3510,worker_is_unavailable,
1644423237,3528,job1139_scenario2_3499,B14,3499,3528,worker_is_unavailable,
1644423237,3530,job1146_scenario1_3528,B14,3528,3530,worker_is_unavailable,
1644423237,3532,job1142_scenario0_3508,B14,3508,3532,worker_is_unavailable,
1644423238,3538,job1141_scenario1_3505,B14,3505,3538,worker_is_unavailable,
1644423239,3545,job1149_scenario4_3545,B11,3545,3545,Zt_prime=0,
1644423242,3576,job1148_scenario3_3541,B14,3541,3576,worker_is_unavailable,
1644423242,3580,job1157_scenario4_3580,B11,3580,3580,Zt_prime=0,
1644423244,3584,job1151_scenario1_3549,B14,3549,3584,worker_is_unavailable,
1644423244,3585,job1152_scenario2_3551,B14,3551,3585,worker_is_unavailable,
1644423248,3628,job1159_scenario0_3588,B14,3588,3628,worker_is_unavailable,
